0 6
1 6
2 6
3 6
4 6
5 6
6 6
7 6
8 6
9 6
10 6
11 6
12 6
13 6
14 6
15 6
16 6
17 6
18 6
19 6
20 6
21 6
22 6
23 6
24 6
25 6
26 6
27 6
28 6
29 6
30 6
31 6
32 6
33 6
34 6
35 6
36 6
37 6
38 6
39 6
40 6
41 6
42 6
43 6
44 6
45 6
46 6
47 6
48 6
49 6
50 6
51 6
52 6
53 6
54 6
55 6
56 6
57 6
58 6
59 6
60 6
61 6
62 6
63 6
64 6
65 6
66 6
67 6
68 6
69 6
70 6
71 6
72 6
73 6
74 6
75 6
76 6
77 6
78 6
79 6
80 6
81 6
82 6
83 6
84 6
85 6
86 6
87 6
88 6
89 6
90 6
91 6
92 6
93 6
94 6
95 6
96 6
97 6
98 6
99 6
100 6
101 6
102 6
103 6
104 6
105 6
106 6
107 6
108 6
109 6
110 6
111 6
112 6
113 6
114 6
115 6
116 6
117 6
118 6
119 6
120 6
121 6
122 6
123 6
124 6
125 6
126 6
127 6
128 6
129 6
130 6
131 6
132 6
133 6
134 6
135 6
136 6
137 6
138 6
139 6
140 6
141 6
142 6
143 6
144 6
145 6
146 6
147 6
148 6
149 6
150 6
151 6
152 6
153 6
154 6
155 6
156 6
157 6
158 6
159 6
160 6
161 6
162 6
163 6
164 6
165 6
166 6
167 6
168 6
169 6
170 6
171 6
172 6
173 6
174 6
175 6
176 6
177 6
178 6
179 6
180 6
181 6
182 6
183 6
184 6
185 6
186 6
187 6
188 6
189 6
190 6
191 6
192 6
193 6
194 6
195 6
196 6
197 6
198 6
199 6
200 6
201 6
202 6
203 6
204 6
205 6
206 6
207 6
208 6
209 6
210 6
211 6
212 6
213 6
214 6
215 6
216 6
217 6
218 6
219 6
220 6
221 6
222 6
223 6
224 6
225 6
226 6
227 6
228 6
229 6
230 6
231 6
232 6
233 6
234 6
235 6
236 6
237 6
238 6
239 6
240 6
241 6
242 6
243 6
244 6
245 6
246 6
247 6
248 6
249 6
250 6
251 6
252 6
253 6
254 6
255 6
256 6
257 6
258 6
259 6
260 6
261 6
262 6
263 6
264 6
265 6
266 6
267 6
268 6
269 6
270 6
271 6
272 6
273 6
274 6
275 6
276 6
277 6
278 6
279 6
280 6
281 6
282 6
283 6
284 6
285 6
286 6
287 6
288 6
289 6
290 6
291 6
292 6
293 6
294 6
295 6
296 6
297 6
298 6
299 6
300 6
301 6
302 6
303 6
304 6
305 6
306 6
307 6
308 6
309 6
310 6
311 6
312 6
313 6
314 6
315 6
316 6
317 6
318 6
319 6
320 6
321 6
322 6
323 6
324 6
325 6
326 6
327 6
328 6
329 6
330 6
331 6
332 6
333 6
334 6
335 6
336 6
337 6
338 6
339 6
340 6
341 6
342 6
343 6
344 6
345 6
346 6
347 6
348 6
349 6
350 6
351 6
352 6
353 6
354 6
355 6
356 6
357 6
358 6
359 6
360 6
361 6
362 6
363 6
364 6
365 6
366 6
367 6
368 6
369 6
370 6
371 6
372 6
373 6
374 6
375 6
376 6
377 6
378 6
379 6
380 6
381 6
382 6
383 6
384 6
385 6
386 6
387 6
388 6
389 6
390 6
391 6
392 6
393 6
394 6
395 6
396 6
397 6
398 6
399 6
400 6
401 6
402 6
403 6
404 6
405 6
406 6
407 6
408 6
409 6
410 6
411 6
412 6
413 6
414 6
415 6
416 6
417 6
418 6
419 6
420 6
421 6
422 6
423 6
424 6
425 6
426 6
427 6
428 6
429 6
430 6
431 6
432 6
433 6
434 6
435 6
436 6
437 6
438 6
439 6
440 6
441 6
442 6
443 6
444 6
445 6
446 6
447 6
448 6
449 6
450 6
451 6
452 6
453 6
454 6
455 6
456 6
457 6
458 6
459 6
460 6
461 6
462 6
463 6
464 6
465 6
466 6
467 6
468 6
469 6
470 6
471 6
472 6
473 6
474 6
475 6
476 6
477 6
478 6
479 6
480 6
481 6
482 6
483 6
484 6
485 6
486 6
487 6
488 6
489 6
490 6
491 6
492 6
493 6
494 6
495 6
496 6
497 6
498 6
499 6
500 6
501 6
502 6
503 6
504 6
505 6
506 6
507 6
508 6
509 6
510 6
511 6
512 6
513 6
514 6
515 6
516 6
517 6
518 6
519 6
520 6
521 6
522 6
523 6
524 6
525 6
526 6
527 6
528 6
529 6
530 6
531 6
532 6
533 6
534 6
535 6
536 6
537 6
538 6
539 6
540 6
541 6
542 6
543 6
544 6
545 6
546 6
547 6
548 6
549 6
550 6
551 6
552 6
553 6
554 6
555 6
556 6
557 6
558 6
559 6
560 6
561 6
562 6
563 6
564 6
565 6
566 6
567 6
568 6
569 6
570 6
571 6
572 6
573 6
574 6
575 6
576 6
577 6
578 6
579 6
580 6
581 6
582 6
583 6
584 6
585 6
586 6
587 6
588 6
589 6
590 6
591 6
592 6
593 6
594 6
595 6
596 6
597 6
598 6
599 6
600 6
601 6
602 6
603 6
604 6
605 6
606 6
607 6
608 6
609 6
610 6
611 6
612 6
613 6
614 6
615 6
616 6
617 6
618 6
619 6
620 6
621 6
622 6
623 6
624 6
625 6
626 6
627 6
628 6
629 6
630 6
631 6
632 6
633 6
634 6
635 6
636 6
637 6
638 6
639 6
640 6
641 6
642 6
643 6
644 6
645 6
646 6
647 6
648 6
649 6
650 6
651 6
652 6
653 6
654 6
655 6
656 6
657 6
658 6
659 6
660 6
661 6
662 6
663 6
664 6
665 6
666 6
667 6
668 6
669 6
670 6
671 6
672 6
673 6
674 6
675 6
676 6
677 6
678 6
679 6
680 6
681 6
682 6
683 6
684 6
685 6
686 6
687 6
688 6
689 6
690 6
691 6
692 6
693 6
694 6
695 6
696 6
697 6
698 6
699 6
700 6
701 6
702 6
703 6
704 6
705 6
706 6
707 6
708 6
709 6
710 6
711 6
712 6
713 6
714 6
715 6
716 6
717 6
718 6
719 6
720 6
721 6
722 6
723 6
724 6
725 6
726 6
727 6
728 6
729 6
730 6
731 6
732 6
733 6
734 6
735 6
736 6
737 6
738 6
739 6
740 6
741 6
742 6
743 6
744 6
745 6
746 6
747 6
748 6
749 6
750 6
751 6
752 8
753 8
754 8
755 8
756 8
757 8
758 8
759 8
760 8
761 8
762 8
763 8
764 8
765 8
766 8
767 8
768 8
769 8
770 8
771 8
772 8
773 8
774 8
775 8
776 8
777 8
778 8
779 8
780 8
781 8
782 8
783 8
784 8
785 8
786 8
787 8
788 8
789 8
790 8
791 8
792 8
793 8
794 8
795 8
796 8
797 8
798 8
799 8
800 8
801 8
802 8
803 8
804 8
805 8
806 8
807 8
808 8
809 8
810 8
811 8
812 8
813 8
814 8
815 8
816 8
817 8
818 8
819 8
820 8
821 8
822 8
823 8
824 8
825 8
826 8
827 8
828 8
829 8
830 8
831 8
832 8
833 8
834 8
835 8
836 8
837 8
838 8
839 8
840 8
841 8
842 8
843 8
844 8
845 8
846 8
847 8
848 8
849 8
850 8
851 8
852 8
853 8
854 8
855 8
856 8
857 8
858 8
859 8
860 8
861 8
862 8
863 8
864 8
865 8
866 8
867 8
868 8
869 8
870 8
871 8
872 8
873 8
874 8
875 8
876 8
877 8
878 8
879 8
880 8
881 8
882 8
883 8
884 8
885 8
886 8
887 8
888 8
889 8
890 8
891 8
892 8
893 8
894 8
895 8
896 8
897 8
898 8
899 8
900 8
901 8
902 8
903 8
904 8
905 8
906 8
907 8
908 8
909 8
910 8
911 8
912 8
913 8
914 8
915 8
916 8
917 8
918 8
919 8
920 8
921 8
922 8
923 8
924 8
925 8
926 8
927 8
928 8
929 8
930 8
931 8
932 8
933 8
934 8
935 8
936 8
937 8
938 8
939 8
940 8
941 8
942 8
943 8
944 8
945 8
946 8
947 8
948 8
949 8
950 8
951 8
952 8
953 8
954 8
955 8
956 8
957 8
958 8
959 8
960 8
961 8
962 8
963 8
964 8
965 8
966 8
967 8
968 8
969 8
970 8
971 8
972 8
973 8
974 8
975 8
976 8
977 8
978 8
979 8
980 8
981 8
982 8
983 8
984 8
985 8
986 8
987 8
988 8
989 8
990 8
991 8
992 8
993 8
994 8
995 8
996 8
997 8
998 8
999 8
1000 8
1001 8
1002 8
1003 8
1004 8
1005 8
1006 8
1007 8
1008 8
1009 8
1010 8
1011 8
1012 8
1013 8
1014 8
1015 8
1016 8
1017 8
1018 8
1019 8
1020 8
1021 8
1022 8
1023 8
1024 8
1025 8
1026 8
1027 8
1028 8
1029 8
1030 8
1031 8
1032 8
1033 8
1034 8
1035 8
1036 8
1037 8
1038 8
1039 8
1040 8
1041 8
1042 8
1043 8
1044 8
1045 8
1046 8
1047 8
1048 8
1049 8
1050 8
1051 8
1052 8
1053 8
1054 8
1055 8
1056 8
1057 8
1058 8
1059 8
1060 8
1061 8
1062 8
1063 8
1064 8
1065 8
1066 8
1067 8
1068 8
1069 8
1070 8
1071 8
1072 8
1073 8
1074 8
1075 8
1076 8
1077 8
1078 8
1079 8
1080 8
1081 8
1082 8
1083 8
1084 8
1085 8
1086 8
1087 8
1088 8
1089 8
1090 8
1091 8
1092 8
1093 8
1094 8
1095 8
1096 8
1097 8
1098 8
1099 8
1100 8
1101 8
1102 8
1103 8
1104 8
1105 8
1106 8
1107 8
1108 8
1109 8
1110 8
1111 8
1112 8
1113 8
1114 8
1115 8
1116 8
1117 8
1118 8
1119 8
1120 8
1121 8
1122 8
1123 8
1124 8
1125 8
1126 8
1127 8
1128 8
1129 8
1130 8
1131 8
1132 8
1133 8
1134 8
1135 8
1136 8
1137 8
1138 8
1139 8
1140 8
1141 8
1142 8
1143 8
1144 8
1145 8
1146 8
1147 8
1148 8
1149 8
1150 8
1151 8
1152 8
1153 8
1154 8
1155 8
1156 8
1157 8
1158 8
1159 8
1160 8
1161 8
1162 8
1163 8
1164 8
1165 8
1166 8
1167 8
1168 8
1169 8
1170 8
1171 8
1172 8
1173 8
1174 8
1175 8
1176 8
1177 8
1178 8
1179 8
1180 8
1181 8
1182 8
1183 8
1184 8
1185 8
1186 8
1187 8
1188 8
1189 8
1190 8
1191 8
1192 8
1193 8
1194 8
1195 8
1196 8
1197 8
1198 8
1199 8
1200 8
1201 8
1202 8
1203 8
1204 8
1205 8
1206 8
1207 8
1208 8
1209 8
1210 8
1211 8
1212 8
1213 8
1214 8
1215 8
1216 8
1217 8
1218 8
1219 8
1220 8
1221 8
1222 8
1223 8
1224 8
1225 8
1226 8
1227 8
1228 8
1229 8
1230 8
1231 8
1232 8
1233 8
1234 8
1235 8
1236 8
1237 8
1238 8
1239 8
1240 8
1241 8
1242 8
1243 8
1244 8
1245 8
1246 8
1247 8
1248 8
1249 8
1250 8
1251 8
1252 8
1253 8
1254 8
1255 8
1256 8
1257 8
1258 8
1259 8
1260 8
1261 8
1262 8
1263 8
1264 8
1265 8
1266 8
1267 8
1268 8
1269 8
1270 8
1271 8
1272 8
1273 8
1274 8
1275 8
1276 8
1277 8
1278 8
1279 8
1280 8
1281 8
1282 8
1283 8
1284 8
1285 8
1286 10
1287 10
1288 10
1289 10
1290 10
1291 10
1292 10
1293 10
1294 10
1295 10
1296 10
1297 10
1298 10
1299 10
1300 10
1301 10
1302 10
1303 10
1304 10
1305 10
1306 10
1307 10
1308 10
1309 10
1310 10
1311 10
1312 10
1313 10
1314 10
1315 10
1316 10
1317 10
1318 10
1319 10
1320 10
1321 10
1322 10
1323 10
1324 10
1325 10
1326 10
1327 10
1328 10
1329 10
1330 10
1331 10
1332 10
1333 10
1334 10
1335 10
1336 10
1337 10
1338 10
1339 10
1340 10
1341 10
1342 10
1343 10
1344 10
1345 10
1346 10
1347 10
1348 10
1349 10
1350 10
1351 10
1352 10
1353 10
1354 10
1355 10
1356 10
1357 10
1358 10
1359 10
1360 10
1361 10
1362 10
1363 10
1364 10
1365 10
1366 10
1367 10
1368 10
1369 10
1370 10
1371 10
1372 10
1373 10
1374 10
1375 10
1376 10
1377 10
1378 10
1379 10
1380 10
1381 10
1382 10
1383 10
1384 10
1385 10
1386 10
1387 10
1388 10
1389 10
1390 10
1391 10
1392 10
1393 10
1394 10
1395 10
1396 10
1397 10
1398 10
1399 10
1400 10
1401 10
1402 10
1403 10
1404 10
1405 10
1406 10
1407 10
1408 10
1409 10
1410 10
1411 10
1412 10
1413 10
1414 10
1415 10
1416 10
1417 10
1418 10
1419 10
1420 10
1421 10
1422 10
1423 10
1424 10
1425 10
1426 10
1427 10
1428 10
1429 10
1430 10
1431 10
1432 10
1433 10
1434 10
1435 10
1436 10
1437 10
1438 10
1439 10
1440 10
1441 10
1442 10
1443 10
1444 10
1445 10
1446 10
1447 10
1448 10
1449 10
1450 10
1451 10
1452 10
1453 10
1454 10
1455 10
1456 10
1457 10
1458 10
1459 10
1460 10
1461 10
1462 10
1463 10
1464 10
1465 10
1466 10
1467 10
1468 10
1469 10
1470 10
1471 10
1472 10
1473 10
1474 10
1475 10
1476 10
1477 10
1478 10
1479 10
1480 10
1481 10
1482 10
1483 10
1484 10
1485 10
1486 10
1487 10
1488 10
1489 10
1490 10
1491 10
1492 10
1493 10
1494 10
1495 10
1496 10
1497 10
1498 10
1499 10
1500 10
1501 10
1502 10
1503 10
1504 10
1505 10
1506 10
1507 10
1508 10
1509 10
1510 10
1511 10
1512 10
1513 10
1514 10
1515 10
1516 10
1517 10
1518 10
1519 10
1520 10
1521 10
1522 10
1523 10
1524 10
1525 10
1526 10
1527 10
1528 10
1529 10
1530 10
1531 10
1532 10
1533 10
1534 10
1535 10
1536 10
1537 10
1538 10
1539 10
1540 10
1541 10
1542 10
1543 10
1544 10
1545 10
1546 10
1547 10
1548 10
1549 10
1550 10
1551 10
1552 10
1553 10
1554 10
1555 10
1556 10
1557 10
1558 10
1559 10
1560 10
1561 10
1562 10
1563 10
1564 10
1565 10
1566 10
1567 10
1568 10
1569 10
1570 10
1571 10
1572 10
1573 10
1574 10
1575 10
1576 10
1577 10
1578 10
1579 10
1580 10
1581 10
1582 10
1583 10
1584 10
1585 10
1586 10
1587 10
1588 10
1589 10
1590 10
1591 10
1592 10
1593 10
1594 10
1595 10
1596 10
1597 10
1598 10
1599 10
1600 10
1601 10
1602 10
1603 10
1604 10
1605 10
1606 10
1607 10
1608 10
1609 10
1610 10
1611 10
1612 10
1613 10
1614 10
1615 10
1616 10
1617 10
1618 10
1619 10
1620 10
1621 10
1622 10
1623 10
1624 10
1625 10
1626 10
1627 10
1628 10
1629 10
1630 10
1631 10
1632 10
1633 10
1634 10
1635 10
1636 10
1637 10
1638 10
1639 10
1640 10
1641 10
1642 10
1643 10
1644 10
1645 10
1646 10
1647 10
1648 10
1649 10
1650 10
1651 10
1652 10
1653 10
1654 10
1655 10
1656 10
1657 10
1658 10
1659 10
1660 10
1661 10
1662 10
1663 10
1664 10
1665 10
1666 10
1667 10
1668 10
1669 10
1670 10
1671 10
1672 10
1673 10
1674 10
1675 10
1676 10
1677 10
1678 10
1679 10
1680 10
1681 10
1682 10
1683 10
1684 10
1685 10
1686 10
1687 10
1688 10
1689 10
1690 10
1691 10
1692 10
1693 10
1694 10
1695 10
1696 10
1697 10
1698 10
1699 10
1700 10
1701 10
1702 10
1703 10
1704 10
1705 10
1706 10
1707 10
1708 10
1709 10
1710 10
1711 10
1712 10
1713 10
1714 10
1715 10
1716 10
1717 10
1718 10
1719 10
1720 10
1721 10
1722 10
1723 10
1724 10
1725 10
1726 10
1727 10
1728 10
1729 10
1730 10
1731 10
1732 10
1733 10
1734 10
1735 10
1736 10
1737 10
1738 10
1739 10
1740 10
1741 10
1742 10
1743 10
1744 10
1745 10
1746 10
1747 10
1748 10
1749 10
1750 10
1751 10
1752 10
1753 10
1754 10
1755 10
1756 10
1757 10
1758 10
1759 10
1760 10
1761 10
1762 10
1763 10
1764 10
1765 10
1766 10
1767 10
1768 10
1769 10
1770 10
1771 10
1772 10
1773 10
1774 10
1775 10
1776 10
1777 10
1778 10
1779 10
1780 10
1781 10
1782 10
1783 10
1784 10
1785 10
1786 10
1787 10
1788 10
1789 10
1790 10
1791 10
1792 10
1793 10
1794 10
1795 10
1796 10
1797 10
1798 10
1799 10
1800 10
1801 10
1802 10
1803 10
1804 10
1805 10
1806 10
1807 10
1808 10
1809 10
1810 10
1811 10
1812 10
1813 10
1814 10
1815 10
1816 10
1817 10
1818 10
1819 10
1820 10
1821 10
1822 10
1823 10
1824 10
1825 10
1826 10
1827 10
1828 10
1829 10
1830 10
1831 10
1832 10
1833 10
1834 10
1835 10
1836 10
1837 10
1838 10
1839 10
1840 10
1841 10
1842 10
1843 10
1844 10
1845 10
1846 10
1847 10
1848 10
1849 10
1850 10
1851 10
1852 10
1853 10
1854 10
1855 10
1856 10
1857 10
1858 10
1859 10
1860 10
1861 10
1862 10
1863 10
1864 10
1865 10
1866 10
1867 10
1868 10
1869 10
1870 10
1871 10
1872 10
1873 10
1874 10
1875 10
1876 10
1877 10
1878 10
1879 10
1880 10
1881 10
1882 10
1883 10
1884 10
1885 10
1886 10
1887 10
1888 10
1889 10
1890 10
1891 10
1892 10
1893 10
1894 10
1895 10
1896 10
1897 10
1898 10
1899 10
1900 10
1901 10
1902 10
1903 10
1904 10
1905 10
1906 10
1907 10
1908 10
1909 10
1910 10
1911 10
1912 10
1913 10
1914 10
1915 10
1916 10
1917 10
1918 10
1919 10
1920 10
1921 10
1922 10
1923 10
1924 10
1925 10
1926 10
1927 10
1928 10
1929 10
1930 10
1931 10
1932 10
1933 10
1934 10
1935 10
1936 10
1937 10
1938 10
1939 10
1940 10
1941 10
1942 10
1943 10
1944 10
1945 10
1946 10
1947 10
1948 10
1949 10
1950 10
1951 10
1952 10
1953 10
1954 10
1955 10
1956 10
1957 10
1958 10
1959 10
1960 10
1961 10
1962 10
1963 10
1964 10
1965 10
1966 10
1967 10
1968 10
1969 10
1970 10
1971 10
1972 10
1973 10
1974 10
1975 10
1976 10
1977 10
1978 10
1979 10
1980 10
1981 10
1982 10
1983 10
1984 10
1985 10
1986 10
1987 10
1988 10
1989 10
1990 10
1991 10
1992 10
1993 10
1994 10
1995 10
1996 10
1997 10
1998 10
1999 10
2000 10
2001 10
2002 10
2003 10
2004 10
2005 10
2006 10
2007 10
2008 10
2009 10
2010 10
2011 10
2012 10
2013 10
2014 10
2015 10
2016 10
2017 10
2018 10
2019 10
2020 10
2021 10
2022 10
2023 10
2024 10
2025 10
2026 10
2027 10
2028 10
2029 10
2030 10
2031 10
2032 10
2033 10
2034 10
2035 10
2036 10
2037 10
2038 10
2039 10
2040 10
2041 10
2042 10
2043 10
2044 10
2045 10
2046 10
2047 10
2048 10
2049 10
2050 10
2051 10
2052 10
2053 10
2054 10
2055 10
2056 10
2057 10
2058 10
2059 10
2060 10
2061 10
2062 10
2063 10
2064 10
2065 10
2066 10
2067 10
2068 10
2069 10
2070 10
2071 10
2072 10
2073 10
2074 10
2075 10
2076 10
2077 10
2078 10
2079 10
2080 10
2081 10
2082 10
2083 10
2084 10
2085 10
2086 10
2087 10
2088 10
2089 10
2090 10
2091 10
2092 10
2093 10
2094 10
2095 10
2096 10
2097 10
2098 10
2099 10
2100 10
2101 10
2102 10
2103 10
2104 10
2105 10
2106 10
2107 10
2108 10
2109 10
2110 10
2111 10
2112 10
2113 10
2114 10
2115 10
2116 10
2117 12
2118 12
2119 12
2120 12
2121 12
2122 12
2123 12
2124 12
2125 12
2126 12
2127 12
2128 12
2129 12
2130 12
2131 12
2132 12
2133 12
2134 12
2135 12
2136 12
2137 12
2138 12
2139 12
2140 12
2141 12
2142 12
2143 12
2144 12
2145 12
2146 12
2147 12
2148 12
2149 12
2150 12
2151 12
2152 12
2153 12
2154 12
2155 12
2156 12
2157 12
2158 12
2159 12
2160 12
2161 12
2162 12
2163 12
2164 12
2165 12
2166 12
2167 12
2168 12
2169 12
2170 12
2171 12
2172 12
2173 12
2174 12
2175 12
2176 12
2177 12
2178 12
2179 12
2180 12
2181 12
2182 12
2183 12
2184 12
2185 12
2186 12
2187 12
2188 12
2189 12
2190 12
2191 12
2192 12
2193 12
2194 12
2195 12
2196 12
2197 12
2198 12
2199 12
2200 12
2201 12
2202 12
2203 12
2204 12
2205 12
2206 12
2207 12
2208 12
2209 12
2210 12
2211 12
2212 12
2213 12
2214 12
2215 12
2216 12
2217 12
2218 12
2219 12
2220 12
2221 12
2222 12
2223 12
2224 12
2225 12
2226 12
2227 12
2228 12
2229 12
2230 12
2231 12
2232 12
2233 12
2234 12
2235 12
2236 12
2237 12
2238 12
2239 12
2240 12
2241 12
2242 12
2243 12
2244 12
2245 12
2246 12
2247 12
2248 12
2249 12
2250 12
2251 12
2252 12
2253 12
2254 12
2255 12
2256 12
2257 12
2258 12
2259 12
2260 12
2261 12
2262 12
2263 12
2264 12
2265 12
2266 12
2267 12
2268 12
2269 12
2270 12
2271 12
2272 12
2273 12
2274 12
2275 12
2276 12
2277 12
2278 12
2279 12
2280 12
2281 12
2282 12
2283 12
2284 12
2285 12
2286 12
2287 12
2288 12
2289 12
2290 12
2291 12
2292 12
2293 12
2294 12
2295 12
2296 12
2297 12
2298 12
2299 12
2300 12
2301 12
2302 12
2303 12
2304 12
2305 12
2306 12
2307 12
2308 12
2309 12
2310 12
2311 12
2312 12
2313 12
2314 12
2315 12
2316 12
2317 12
2318 12
2319 12
2320 12
2321 12
2322 12
2323 12
2324 12
2325 12
2326 12
2327 12
2328 12
2329 12
2330 12
2331 12
2332 12
2333 12
2334 12
2335 12
2336 12
2337 12
2338 12
2339 12
2340 12
2341 12
2342 12
2343 12
2344 12
2345 12
2346 12
2347 12
2348 12
2349 12
2350 12
2351 12
2352 12
2353 12
2354 12
2355 12
2356 12
2357 12
2358 12
2359 12
2360 12
2361 12
2362 12
2363 12
2364 12
2365 12
2366 12
2367 12
2368 12
2369 12
2370 12
2371 12
2372 12
2373 12
2374 12
2375 12
2376 12
2377 12
2378 12
2379 12
2380 12
2381 12
2382 12
2383 12
2384 12
2385 12
2386 12
2387 12
2388 12
2389 12
2390 12
2391 12
2392 12
2393 12
2394 12
2395 12
2396 12
2397 12
2398 12
2399 12
2400 12
2401 12
2402 12
2403 12
2404 12
2405 12
2406 12
2407 12
2408 12
2409 12
2410 12
2411 12
2412 12
2413 12
2414 12
2415 12
2416 12
2417 12
2418 12
2419 12
2420 12
2421 12
2422 12
2423 12
2424 12
2425 12
2426 12
2427 12
2428 12
2429 12
2430 12
2431 12
2432 12
2433 12
2434 12
2435 12
2436 12
2437 12
2438 12
2439 12
2440 12
2441 12
2442 12
2443 12
2444 12
2445 12
2446 12
2447 12
2448 12
2449 12
2450 12
2451 12
2452 12
2453 12
2454 12
2455 12
2456 12
2457 12
2458 12
2459 12
2460 12
2461 12
2462 12
2463 12
2464 12
2465 12
2466 12
2467 12
2468 12
2469 12
2470 12
2471 12
2472 12
2473 12
2474 12
2475 12
2476 12
2477 12
2478 12
2479 12
2480 12
2481 12
2482 12
2483 12
2484 12
2485 12
2486 12
2487 12
2488 12
2489 12
2490 12
2491 12
2492 12
2493 12
2494 12
2495 12
2496 12
2497 12
2498 12
2499 12
2500 12
2501 12
2502 12
2503 12
2504 12
2505 12
2506 12
2507 12
2508 12
2509 12
2510 12
2511 12
2512 12
2513 12
2514 12
2515 12
2516 12
2517 12
2518 12
2519 12
2520 12
2521 12
2522 12
2523 12
2524 12
2525 12
2526 12
2527 12
2528 12
2529 12
2530 12
2531 12
2532 12
2533 12
2534 12
2535 12
2536 12
2537 12
2538 12
2539 12
2540 12
2541 12
2542 12
2543 12
2544 12
2545 12
2546 12
2547 12
2548 12
2549 12
2550 12
2551 12
2552 12
2553 12
2554 12
2555 12
2556 12
2557 12
2558 12
2559 12
2560 12
2561 12
2562 12
2563 12
2564 12
2565 12
2566 12
2567 12
2568 12
2569 12
2570 12
2571 12
2572 12
2573 12
2574 12
2575 12
2576 12
2577 12
2578 12
2579 12
2580 12
2581 12
2582 12
2583 12
2584 12
2585 12
2586 12
2587 12
2588 12
2589 12
2590 12
2591 12
2592 12
2593 12
2594 12
2595 12
2596 12
2597 12
2598 12
2599 12
2600 12
2601 12
2602 12
2603 12
2604 12
2605 12
2606 12
2607 12
2608 12
2609 12
2610 12
2611 12
2612 12
2613 12
2614 12
2615 12
2616 12
2617 12
2618 12
2619 12
2620 12
2621 12
2622 12
2623 12
2624 12
2625 12
2626 12
2627 12
2628 12
2629 12
2630 12
2631 12
2632 12
2633 12
2634 12
2635 12
2636 12
2637 12
2638 12
2639 12
2640 12
2641 12
2642 12
2643 12
2644 12
2645 12
2646 12
2647 12
2648 12
2649 12
2650 12
2651 12
2652 12
2653 12
2654 12
2655 12
2656 12
2657 12
2658 12
2659 12
2660 12
2661 12
2662 12
2663 12
2664 12
2665 12
2666 12
2667 12
2668 12
2669 12
2670 12
2671 12
2672 12
2673 12
2674 12
2675 12
2676 12
2677 12
2678 12
2679 12
2680 12
2681 12
2682 12
2683 12
2684 12
2685 12
2686 12
2687 12
2688 12
2689 12
2690 12
2691 12
2692 12
2693 12
2694 12
2695 12
2696 12
2697 12
2698 12
2699 12
2700 12
2701 12
2702 12
2703 12
2704 12
2705 12
2706 12
2707 12
2708 12
2709 12
2710 12
2711 12
2712 12
2713 12
2714 12
2715 12
2716 12
2717 12
2718 12
2719 12
2720 12
2721 12
2722 12
2723 12
2724 12
2725 12
2726 12
2727 12
2728 12
2729 12
2730 12
2731 12
2732 12
2733 12
2734 12
2735 12
2736 12
2737 12
2738 12
2739 12
2740 12
2741 12
2742 12
2743 12
2744 12
2745 12
2746 12
2747 12
2748 12
2749 12
2750 12
2751 12
2752 12
2753 12
2754 12
2755 12
2756 12
2757 12
2758 12
2759 12
2760 12
2761 12
2762 12
2763 12
2764 12
2765 12
2766 12
2767 12
2768 12
2769 12
2770 12
2771 12
2772 12
2773 12
2774 12
2775 12
2776 12
2777 12
2778 12
2779 12
2780 12
2781 12
2782 12
2783 12
2784 12
2785 12
2786 12
2787 12
2788 12
2789 12
2790 12
2791 12
2792 12
2793 12
2794 12
2795 12
2796 12
2797 12
2798 12
2799 12
2800 12
2801 12
2802 12
2803 12
2804 12
2805 12
2806 12
2807 12
2808 12
2809 12
2810 12
2811 12
2812 12
2813 12
2814 12
2815 12
2816 12
2817 12
2818 12
2819 12
2820 12
2821 12
2822 12
2823 12
2824 12
2825 12
2826 12
2827 12
2828 12
2829 12
2830 12
2831 12
2832 12
2833 12
2834 12
2835 12
2836 12
2837 12
2838 12
2839 12
2840 12
2841 12
2842 12
2843 12
2844 12
2845 12
2846 12
2847 12
2848 12
2849 12
2850 12
2851 12
2852 12
2853 12
2854 12
2855 12
2856 12
2857 12
2858 12
2859 12
2860 12
2861 12
2862 12
2863 12
2864 12
2865 12
2866 12
2867 12
2868 12
2869 12
2870 12
2871 12
2872 12
2873 12
2874 12
2875 12
2876 12
2877 12
2878 12
2879 12
2880 12
2881 12
2882 12
2883 12
2884 12
2885 12
2886 12
2887 12
2888 12
2889 12
2890 12
2891 12
2892 12
2893 12
2894 12
2895 12
2896 12
2897 12
2898 12
2899 12
2900 12
2901 12
2902 12
2903 12
2904 12
2905 12
2906 12
2907 12
2908 12
2909 12
2910 12
2911 12
2912 12
2913 12
2914 12
2915 12
2916 12
2917 12
2918 12
2919 12
2920 12
2921 12
2922 12
2923 12
2924 12
2925 12
2926 12
2927 12
2928 12
2929 12
2930 12
2931 12
2932 12
2933 12
2934 12
2935 12
2936 12
2937 12
2938 12
2939 12
2940 12
2941 12
2942 12
2943 12
2944 12
2945 12
2946 12
2947 12
2948 12
2949 12
2950 12
2951 12
2952 12
2953 12
2954 12
2955 12
2956 12
2957 12
2958 12
2959 12
2960 12
2961 12
2962 12
2963 12
2964 12
2965 12
2966 12
2967 12
2968 12
2969 12
2970 12
2971 12
2972 12
2973 12
2974 12
2975 12
2976 12
2977 12
2978 12
2979 12
2980 12
2981 12
2982 12
2983 12
2984 12
2985 12
2986 12
2987 12
2988 12
2989 12
2990 12
2991 12
2992 12
2993 12
2994 12
2995 12
2996 12
2997 12
2998 12
2999 12
3000 12
3001 12
3002 12
3003 12
3004 12
3005 12
3006 12
3007 12
3008 12
3009 12
3010 12
3011 12
3012 12
3013 12
3014 12
3015 12
3016 12
3017 12
3018 12
3019 12
3020 12
3021 12
3022 12
3023 12
3024 12
3025 12
3026 12
3027 12
3028 12
3029 12
3030 12
3031 12
3032 12
3033 12
3034 12
3035 12
3036 12
3037 12
3038 12
3039 12
3040 12
3041 12
3042 12
3043 12
3044 12
3045 12
3046 12
3047 12
3048 12
3049 12
3050 12
3051 12
3052 12
3053 12
3054 12
3055 12
3056 12
3057 12
3058 12
3059 12
3060 12
3061 12
3062 12
3063 12
3064 12
3065 12
3066 12
3067 12
3068 12
3069 12
3070 12
3071 12
3072 12
3073 12
3074 12
3075 12
3076 12
3077 12
3078 12
3079 12
3080 12
3081 12
3082 12
3083 12
3084 12
3085 12
3086 12
3087 12
3088 12
3089 12
3090 12
3091 12
3092 12
3093 12
3094 12
3095 12
3096 12
3097 12
3098 12
3099 12
3100 12
3101 12
3102 12
3103 12
3104 12
3105 12
3106 12
3107 12
3108 12
3109 12
3110 12
3111 12
3112 12
3113 12
3114 12
3115 12
3116 12
3117 12
3118 12
3119 12
3120 12
3121 12
3122 12
3123 12
3124 12
3125 12
3126 12
3127 12
3128 12
3129 12
3130 12
3131 12
3132 12
3133 12
3134 12
3135 12
3136 12
3137 12
3138 12
3139 12
3140 12
3141 12
3142 12
3143 12
3144 12
3145 12
3146 12
3147 12
3148 12
3149 12
3150 12
3151 12
3152 12
3153 12
3154 12
3155 12
3156 12
3157 12
3158 12
3159 12
3160 12
3161 12
3162 12
3163 12
3164 12
3165 12
3166 12
3167 12
3168 12
3169 12
3170 12
3171 12
3172 12
3173 12
3174 12
3175 12
3176 12
3177 12
3178 12
3179 12
3180 12
3181 12
3182 12
3183 12
3184 12
3185 12
3186 12
3187 12
3188 12
3189 12
3190 12
3191 12
3192 12
3193 12
3194 12
3195 12
3196 12
3197 12
3198 12
3199 12
3200 12
3201 12
3202 12
3203 12
3204 12
3205 12
3206 12
3207 12
3208 12
3209 12
3210 12
3211 12
3212 12
3213 12
3214 12
3215 12
3216 12
3217 12
3218 12
3219 12
3220 12
3221 12
3222 12
3223 12
3224 12
3225 12
3226 12
3227 12
3228 12
3229 12
3230 12
3231 12
3232 12
3233 12
3234 12
3235 12
3236 12
3237 12
3238 12
3239 12
3240 12
3241 12
3242 12
3243 12
3244 12
3245 12
3246 12
3247 12
3248 12
3249 12
3250 12
3251 12
3252 12
3253 12
3254 12
3255 12
3256 12
3257 12
3258 12
3259 12
3260 12
3261 12
3262 12
3263 12
3264 12
3265 12
3266 12
3267 12
3268 12
3269 12
3270 12
3271 12
3272 12
3273 12
3274 12
3275 12
3276 12
3277 12
3278 12
3279 12
3280 12
3281 12
3282 12
3283 12
3284 12
3285 12
3286 12
3287 12
3288 12
3289 12
3290 12
3291 12
3292 12
3293 12
3294 12
3295 12
3296 12
3297 12
3298 12
3299 12
3300 12
3301 12
3302 12
3303 12
3304 12
3305 12
3306 12
3307 12
3308 12
3309 12
3310 12
3311 12
3312 12
3313 12
3314 12
3315 12
3316 12
3317 12
3318 12
3319 12
3320 12
3321 12
3322 12
3323 12
3324 12
3325 12
3326 12
3327 12
3328 12
3329 12
3330 12
3331 12
3332 12
3333 12
3334 12
3335 12
3336 12
3337 12
3338 12
3339 12
3340 12
3341 12
3342 12
3343 12
3344 12
3345 12
3346 12
3347 12
3348 12
3349 12
3350 12
3351 12
3352 12
3353 12
3354 12
3355 12
3356 12
3357 12
3358 12
3359 12
3360 12
3361 12
3362 12
3363 12
3364 12
3365 12
3366 12
3367 12
3368 12
3369 12
3370 12
3371 12
3372 12
3373 12
3374 12
3375 12
3376 12
3377 12
3378 12
3379 12
3380 12
3381 12
3382 12
3383 12
3384 12
3385 12
3386 12
3387 12
3388 12
3389 12
3390 12
3391 12
3392 12
3393 12
3394 12
3395 12
3396 12
3397 12
3398 12
3399 12
3400 12
3401 12
3402 12
3403 12
3404 12
3405 12
3406 12
3407 12
3408 12
3409 12
3410 12
3411 12
3412 12
3413 12
3414 12
3415 12
3416 12
3417 12
3418 12
3419 12
3420 12
3421 12
3422 12
3423 12
3424 12
3425 12
3426 12
3427 12
3428 12
3429 12
3430 12
3431 12
3432 12
3433 12
3434 12
3435 12
3436 12
3437 12
3438 12
3439 12
3440 12
3441 12
3442 12
3443 12
3444 12
3445 12
3446 12
3447 12
3448 12
3449 12
3450 12
3451 12
3452 12
3453 12
3454 12
3455 12
3456 12
3457 12
3458 12
3459 12
3460 12
3461 12
3462 12
3463 12
3464 12
3465 12
3466 12
3467 12
3468 12
3469 12
3470 12
3471 12
3472 12
3473 12
3474 12
3475 12
3476 12
3477 12
3478 12
3479 12
3480 12
3481 12
3482 12
3483 12
3484 12
3485 12
3486 12
3487 12
3488 12
3489 12
3490 12
3491 12
3492 12
3493 12
3494 12
3495 12
3496 12
3497 12
3498 12
3499 12
3500 12
3501 12
3502 12
3503 12
3504 12
3505 12
3506 12
3507 12
3508 12
3509 12
3510 12
3511 12
3512 12
3513 12
3514 12
3515 12
3516 12
3517 12
3518 12
3519 12
3520 12
3521 12
3522 12
3523 12
3524 12
3525 12
3526 12
3527 12
3528 12
3529 12
3530 12
3531 12
3532 12
3533 12
3534 12
3535 12
3536 12
3537 12
3538 12
3539 12
3540 12
3541 12
3542 12
3543 12
3544 12
3545 12
3546 12
3547 12
3548 12
3549 12
3550 12
3551 12
3552 12
3553 12
3554 12
3555 12
3556 12
3557 12
3558 12
3559 12
3560 12
3561 12
3562 12
3563 12
3564 12
3565 12
3566 12
3567 12
3568 12
3569 12
3570 12
3571 12
3572 12
3573 12
3574 12
3575 12
3576 12
3577 12
3578 12
3579 12
3580 12
3581 12
3582 12
3583 12
3584 12
3585 12
3586 12
3587 12
3588 12
3589 12
3590 12
3591 12
3592 12
3593 12
3594 12
3595 12
3596 12
3597 12
3598 12
3599 12
3600 12
3601 12
3602 12
3603 12
3604 12
3605 12
3606 12
3607 12
3608 12
3609 12
3610 12
3611 12
3612 12
3613 12
3614 12
3615 12
3616 12
3617 12
3618 12
3619 12
3620 12
3621 12
3622 12
3623 12
3624 12
3625 12
3626 12
3627 12
3628 12
3629 12
3630 12
3631 12
3632 12
3633 12
3634 12
3635 12
3636 12
3637 12
3638 12
3639 12
3640 12
3641 12
3642 12
3643 12
3644 12
3645 12
3646 12
3647 12
3648 12
3649 12
3650 12
3651 12
3652 12
3653 12
3654 12
3655 12
3656 12
3657 12
3658 12
3659 12
3660 12
3661 12
3662 12
3663 12
3664 12
3665 12
3666 12
3667 12
3668 12
3669 12
3670 12
3671 12
3672 12
3673 12
3674 12
3675 12
3676 12
3677 12
3678 12
3679 12
3680 12
3681 12
3682 12
3683 12
3684 12
3685 12
3686 12
3687 12
3688 12
3689 12
3690 12
3691 12
3692 12
3693 12
3694 12
3695 12
3696 12
3697 12
3698 12
3699 12
3700 12
3701 12
3702 12
3703 12
3704 12
3705 12
3706 12
3707 12
3708 12
3709 12
3710 12
3711 12
3712 12
3713 12
3714 12
3715 12
3716 12
3717 12
3718 12
3719 12
3720 12
3721 12
3722 12
3723 12
3724 12
3725 12
3726 12
3727 12
3728 12
3729 12
3730 12
3731 12
3732 12
3733 12
3734 12
3735 12
3736 12
3737 12
3738 12
3739 12
3740 12
3741 12
3742 12
3743 12
3744 12
3745 12
3746 12
3747 12
3748 12
3749 12
3750 12
3751 12
3752 12
3753 12
3754 12
3755 12
3756 12
3757 12
3758 12
3759 12
3760 12
3761 12
3762 12
3763 12
3764 12
3765 12
3766 12
3767 12
3768 12
3769 12
3770 12
3771 12
3772 12
3773 12
3774 12
3775 12
3776 12
3777 12
3778 12
3779 12
3780 12
3781 12
3782 12
3783 12
3784 12
3785 12
3786 12
3787 12
3788 12
3789 12
3790 12
3791 12
3792 12
3793 12
3794 12
3795 12
3796 12
3797 12
3798 12
3799 12
3800 12
3801 12
3802 12
3803 12
3804 12
3805 12
3806 12
3807 12
3808 12
3809 12
3810 12
3811 12
3812 12
3813 12
3814 12
3815 12
3816 12
3817 12
3818 12
3819 12
3820 12
3821 12
3822 12
3823 12
3824 12
3825 12
3826 12
3827 12
3828 12
3829 12
3830 12
3831 12
3832 12
3833 12
3834 12
3835 12
3836 12
3837 12
3838 12
3839 12
3840 12
3841 12
3842 12
3843 12
3844 12
3845 12
3846 12
3847 12
3848 12
3849 12
3850 12
3851 12
3852 12
3853 12
3854 12
3855 12
3856 12
3857 12
3858 12
3859 12
3860 12
3861 12
3862 12
3863 12
3864 12
3865 12
3866 12
3867 12
3868 12
3869 12
3870 12
3871 12
3872 12
3873 12
3874 12
3875 12
3876 12
3877 12
3878 12
3879 12
3880 12
3881 12
3882 12
3883 12
3884 12
3885 12
3886 12
3887 12
3888 12
3889 12
3890 12
3891 12
3892 12
3893 12
3894 12
3895 12
3896 12
3897 12
3898 12
3899 12
3900 12
3901 12
3902 12
3903 12
3904 12
3905 12
3906 12
3907 12
3908 12
3909 12
3910 12
3911 12
3912 12
3913 12
3914 12
3915 12
3916 12
3917 12
3918 12
3919 12
3920 12
3921 12
3922 12
3923 12
3924 12
3925 12
3926 12
3927 12
3928 12
3929 12
3930 12
3931 12
3932 12
3933 12
3934 12
3935 12
3936 12
3937 12
3938 12
3939 12
3940 12
3941 12
3942 12
3943 12
3944 12
3945 12
3946 12
3947 12
3948 12
3949 12
3950 12
3951 12
3952 12
3953 12
3954 12
3955 12
3956 12
3957 12
3958 12
3959 12
3960 12
3961 12
3962 12
3963 12
3964 12
3965 12
3966 12
3967 12
3968 12
3969 12
3970 12
3971 12
3972 12
3973 12
3974 12
3975 12
3976 12
3977 12
3978 12
3979 12
3980 12
3981 12
3982 12
3983 12
3984 12
3985 12
3986 12
3987 12
3988 12
3989 12
3990 12
3991 12
3992 12
3993 12
3994 12
3995 12
3996 12
3997 12
3998 12
3999 12
